new_execution
0.019531 0.018555 0.960938
0.508789 0.012695 0.478027
0.032227 0.018066 0.948730
0.026855 0.018555 0.954102
0.018555 0.018555 0.962402
0.018555 0.018555 0.962402
0.018555 0.018555 0.962402
0.018555 0.018555 0.962402
0.018555 0.018555 0.962402
0.098633 0.021973 0.878906
0.018555 0.018555 0.962402
0.018555 0.018555 0.962402
0.030273 0.018066 0.950684
0.018555 0.018555 0.962402
0.018555 0.018555 0.962402
0.018555 0.018555 0.962402
0.018555 0.018555 0.962402
0.074219 0.017578 0.907715
0.018555 0.018555 0.962402
0.018555 0.018555 0.962402
0.020996 0.018555 0.959961
0.018555 0.018555 0.962402
0.052246 0.018066 0.929199
0.018555 0.018555 0.962402
0.018555 0.018555 0.962402
0.018555 0.018555 0.962402
0.018555 0.018555 0.962402
0.145508 0.016113 0.837891
0.018555 0.018555 0.962402
0.123535 0.016602 0.859375
0.123535 0.016602 0.859375
0.018555 0.018555 0.962402
0.058594 0.017578 0.922852
0.062500 0.017578 0.919434
0.099121 0.017090 0.883301
0.069824 0.017578 0.911621
0.179199 0.015625 0.804688
0.627930 0.035156 0.335938
0.018555 0.018555 0.962402
0.229980 0.014648 0.754883
0.188965 0.015137 0.795410
0.026855 0.018555 0.954102
0.065918 0.017578 0.915527
0.069824 0.017578 0.911621
0.845215 0.016113 0.137695
0.915527 0.017578 0.065918
0.026855 0.018555 0.954102
0.043457 0.018066 0.937500
0.093262 0.017090 0.888672
0.069824 0.017578 0.911621
0.293945 0.041992 0.663086
0.090332 0.048340 0.860352
0.130371 0.016602 0.852539
0.018555 0.018555 0.962402
0.023926 0.018555 0.957031
0.043457 0.018066 0.937500
0.018555 0.018555 0.962402
0.041016 0.024414 0.933594
0.198242 0.015137 0.785645
0.728516 0.019043 0.251465
0.510254 0.009766 0.479492
0.110840 0.016602 0.872070
0.763184 0.017578 0.218262
0.356934 0.015625 0.626953
0.062500 0.017578 0.919434
0.170410 0.015625 0.813477
0.046387 0.018066 0.935059
0.123535 0.016602 0.859375
0.062500 0.017578 0.919434
0.028320 0.018555 0.952637
0.018555 0.018555 0.962402
0.818359 0.020020 0.161133
0.358398 0.012207 0.628906
0.290039 0.013184 0.695801
0.062500 0.017578 0.919434
0.018555 0.018555 0.962402
0.041016 0.018066 0.939941
0.093262 0.017090 0.888672
0.018555 0.018555 0.962402
0.402344 0.011230 0.585449
0.018555 0.018555 0.962402
0.052246 0.018066 0.929199
0.020996 0.018555 0.959961
0.018555 0.018555 0.962402
0.034180 0.018066 0.946777
0.229492 0.017578 0.752441
0.145508 0.016113 0.837891
0.865234 0.024414 0.109863
0.018555 0.018555 0.962402
0.018555 0.018555 0.962402
0.032227 0.018066 0.948730
0.018555 0.018555 0.962402
0.018555 0.018555 0.962402
0.049316 0.018066 0.932129
0.018555 0.018555 0.962402
0.049316 0.018066 0.932129
0.018555 0.018555 0.962402
0.088379 0.017090 0.893555
0.025391 0.018555 0.955566
0.078613 0.017578 0.903320
0.018555 0.018555 0.962402
0.018555 0.018555 0.962402
0.018555 0.018555 0.962402
0.018555 0.018555 0.962402
0.018555 0.018555 0.962402
0.018555 0.018555 0.962402
0.018555 0.018555 0.962402
0.018555 0.018555 0.962402
0.018555 0.018555 0.962402
0.018555 0.018555 0.962402
0.018555 0.018555 0.962402
0.018555 0.018555 0.962402
0.018555 0.018555 0.962402
0.018555 0.018555 0.962402
0.018555 0.018555 0.962402
0.018555 0.018555 0.962402
0.018555 0.018555 0.962402
0.018555 0.018555 0.962402
0.018555 0.018555 0.962402
0.018555 0.018555 0.962402
0.030273 0.018066 0.950684
0.030273 0.018066 0.950684
0.030273 0.018066 0.950684
0.030273 0.018066 0.950684
0.030273 0.018066 0.950684
0.030273 0.018066 0.950684
0.030273 0.018066 0.950684
0.030273 0.018066 0.950684
0.030273 0.018066 0.950684
0.030273 0.018066 0.950684
0.018555 0.018555 0.962402
0.018555 0.018555 0.962402
0.018555 0.018555 0.962402
0.018555 0.018555 0.962402
0.018555 0.018555 0.962402
0.018555 0.018555 0.962402
0.018555 0.018555 0.962402
0.018555 0.018555 0.962402
0.018555 0.018555 0.962402
0.018555 0.018555 0.962402
0.018555 0.018555 0.962402
0.018555 0.018555 0.962402
0.018555 0.018555 0.962402
0.018555 0.018555 0.962402
0.018555 0.018555 0.962402
0.018555 0.018555 0.962402
0.018555 0.018555 0.962402
0.018555 0.018555 0.962402
0.018555 0.018555 0.962402
0.018555 0.018555 0.962402
0.018555 0.018555 0.962402
0.018555 0.018555 0.962402
0.018555 0.018555 0.962402
0.018555 0.018555 0.962402
0.018555 0.018555 0.962402
0.018555 0.018555 0.962402
0.018555 0.018555 0.962402
0.018555 0.018555 0.962402
0.018555 0.018555 0.962402
0.018555 0.018555 0.962402
0.018555 0.018555 0.962402
0.018555 0.018555 0.962402
0.018555 0.018555 0.962402
0.018555 0.018555 0.962402
0.018555 0.018555 0.962402
0.018555 0.018555 0.962402
0.018555 0.018555 0.962402
0.018555 0.018555 0.962402
0.018555 0.018555 0.962402
0.018555 0.018555 0.962402
0.074219 0.017578 0.907715
0.074219 0.017578 0.907715
0.074219 0.017578 0.907715
0.074219 0.017578 0.907715
0.074219 0.017578 0.907715
0.074219 0.017578 0.907715
0.074219 0.017578 0.907715
0.074219 0.017578 0.907715
0.074219 0.017578 0.907715
0.074219 0.017578 0.907715
0.018555 0.018555 0.962402
0.018555 0.018555 0.962402
0.018555 0.018555 0.962402
0.018555 0.018555 0.962402
0.018555 0.018555 0.962402
0.018555 0.018555 0.962402
0.018555 0.018555 0.962402
0.018555 0.018555 0.962402
0.018555 0.018555 0.962402
0.018555 0.018555 0.962402
0.018555 0.018555 0.962402
0.018555 0.018555 0.962402
0.018555 0.018555 0.962402
0.018555 0.018555 0.962402
0.018555 0.018555 0.962402
0.018555 0.018555 0.962402
0.018555 0.018555 0.962402
0.018555 0.018555 0.962402
0.018555 0.018555 0.962402
0.018555 0.018555 0.962402
0.020996 0.018555 0.959961
0.020996 0.018555 0.959961
0.020996 0.018555 0.959961
0.020996 0.018555 0.959961
0.020996 0.018555 0.959961
0.020996 0.018555 0.959961
0.020996 0.018555 0.959961
0.020996 0.018555 0.959961
0.020996 0.018555 0.959961
0.020996 0.018555 0.959961
0.018555 0.018555 0.962402
0.018555 0.018555 0.962402
0.018555 0.018555 0.962402
0.018555 0.018555 0.962402
0.018555 0.018555 0.962402
0.018555 0.018555 0.962402
0.018555 0.018555 0.962402
0.018555 0.018555 0.962402
0.018555 0.018555 0.962402
0.018555 0.018555 0.962402
0.052246 0.018066 0.929199
0.052246 0.018066 0.929199
0.052246 0.018066 0.929199
0.052246 0.018066 0.929199
0.052246 0.018066 0.929199
0.052246 0.018066 0.929199
0.052246 0.018066 0.929199
0.052246 0.018066 0.929199
0.052246 0.018066 0.929199
0.052246 0.018066 0.929199
0.018555 0.018555 0.962402
0.018555 0.018555 0.962402
0.018555 0.018555 0.962402
0.018555 0.018555 0.962402
0.018555 0.018555 0.962402
0.018555 0.018555 0.962402
0.018555 0.018555 0.962402
0.018555 0.018555 0.962402
0.018555 0.018555 0.962402
0.018555 0.018555 0.962402
0.018555 0.018555 0.962402
0.018555 0.018555 0.962402
0.018555 0.018555 0.962402
0.018555 0.018555 0.962402
0.018555 0.018555 0.962402
0.018555 0.018555 0.962402
0.018555 0.018555 0.962402
0.018555 0.018555 0.962402
0.018555 0.018555 0.962402
0.018555 0.018555 0.962402
0.018555 0.018555 0.962402
0.018555 0.018555 0.962402
0.018555 0.018555 0.962402
0.018555 0.018555 0.962402
0.018555 0.018555 0.962402
0.018555 0.018555 0.962402
0.018555 0.018555 0.962402
0.018555 0.018555 0.962402
0.018555 0.018555 0.962402
0.018555 0.018555 0.962402
0.018555 0.018555 0.962402
0.018555 0.018555 0.962402
0.018555 0.018555 0.962402
0.018555 0.018555 0.962402
0.018555 0.018555 0.962402
0.018555 0.018555 0.962402
0.018555 0.018555 0.962402
0.018555 0.018555 0.962402
0.018555 0.018555 0.962402
0.018555 0.018555 0.962402
0.145508 0.016113 0.837891
0.145508 0.016113 0.837891
0.145508 0.016113 0.837891
0.145508 0.016113 0.837891
0.145508 0.016113 0.837891
0.145508 0.016113 0.837891
0.145508 0.016113 0.837891
0.145508 0.016113 0.837891
0.145508 0.016113 0.837891
0.145508 0.016113 0.837891
0.018555 0.018555 0.962402
0.018555 0.018555 0.962402
0.018555 0.018555 0.962402
0.018555 0.018555 0.962402
0.018555 0.018555 0.962402
0.018555 0.018555 0.962402
0.018555 0.018555 0.962402
0.018555 0.018555 0.962402
0.018555 0.018555 0.962402
0.018555 0.018555 0.962402
0.123535 0.016602 0.859375
0.123535 0.016602 0.859375
0.123535 0.016602 0.859375
0.123535 0.016602 0.859375
0.123535 0.016602 0.859375
0.123535 0.016602 0.859375
0.123535 0.016602 0.859375
0.123535 0.016602 0.859375
0.123535 0.016602 0.859375
0.123535 0.016602 0.859375
0.123535 0.016602 0.859375
0.123535 0.016602 0.859375
0.123535 0.016602 0.859375
0.123535 0.016602 0.859375
0.123535 0.016602 0.859375
0.123535 0.016602 0.859375
0.123535 0.016602 0.859375
0.123535 0.016602 0.859375
0.123535 0.016602 0.859375
0.123535 0.016602 0.859375
0.018555 0.018555 0.962402
0.018555 0.018555 0.962402
0.018555 0.018555 0.962402
0.018555 0.018555 0.962402
0.018555 0.018555 0.962402
0.018555 0.018555 0.962402
0.018555 0.018555 0.962402
0.018555 0.018555 0.962402
0.018555 0.018555 0.962402
0.018555 0.018555 0.962402
0.058594 0.017578 0.922852
0.058594 0.017578 0.922852
0.058594 0.017578 0.922852
0.058594 0.017578 0.922852
0.058594 0.017578 0.922852
0.058594 0.017578 0.922852
0.058594 0.017578 0.922852
0.058594 0.017578 0.922852
0.058594 0.017578 0.922852
0.058594 0.017578 0.922852
0.062500 0.017578 0.919434
0.062500 0.017578 0.919434
0.062500 0.017578 0.919434
0.062500 0.017578 0.919434
0.062500 0.017578 0.919434
0.062500 0.017578 0.919434
0.062500 0.017578 0.919434
0.062500 0.017578 0.919434
0.062500 0.017578 0.919434
0.062500 0.017578 0.919434
0.099121 0.017090 0.883301
0.099121 0.017090 0.883301
0.099121 0.017090 0.883301
0.099121 0.017090 0.883301
0.099121 0.017090 0.883301
0.099121 0.017090 0.883301
0.099121 0.017090 0.883301
0.099121 0.017090 0.883301
0.099121 0.017090 0.883301
0.099121 0.017090 0.883301
0.069824 0.017578 0.911621
0.069824 0.017578 0.911621
0.069824 0.017578 0.911621
0.069824 0.017578 0.911621
0.069824 0.017578 0.911621
0.069824 0.017578 0.911621
0.069824 0.017578 0.911621
0.069824 0.017578 0.911621
0.069824 0.017578 0.911621
0.069824 0.017578 0.911621
0.179199 0.015625 0.804688
0.179199 0.015625 0.804688
0.179199 0.015625 0.804688
0.179199 0.015625 0.804688
0.179199 0.015625 0.804688
0.179199 0.015625 0.804688
0.179199 0.015625 0.804688
0.179199 0.015625 0.804688
0.179199 0.015625 0.804688
0.179199 0.015625 0.804688
0.627930 0.035156 0.335938
0.627930 0.035156 0.335938
0.627930 0.035156 0.335938
0.627930 0.035156 0.335938
0.627930 0.035156 0.335938
0.627930 0.035156 0.335938
0.627930 0.035156 0.335938
0.627930 0.035156 0.335938
0.627930 0.035156 0.335938
0.627930 0.035156 0.335938
0.018555 0.018555 0.962402
0.018555 0.018555 0.962402
0.018555 0.018555 0.962402
0.018555 0.018555 0.962402
0.018555 0.018555 0.962402
0.018555 0.018555 0.962402
0.018555 0.018555 0.962402
0.018555 0.018555 0.962402
0.018555 0.018555 0.962402
0.018555 0.018555 0.962402
0.229980 0.014648 0.754883
0.229980 0.014648 0.754883
0.229980 0.014648 0.754883
0.229980 0.014648 0.754883
0.229980 0.014648 0.754883
0.229980 0.014648 0.754883
0.229980 0.014648 0.754883
0.229980 0.014648 0.754883
0.229980 0.014648 0.754883
0.229980 0.014648 0.754883
0.188965 0.015137 0.795410
0.188965 0.015137 0.795410
0.188965 0.015137 0.795410
0.188965 0.015137 0.795410
0.188965 0.015137 0.795410
0.188965 0.015137 0.795410
0.188965 0.015137 0.795410
0.188965 0.015137 0.795410
0.188965 0.015137 0.795410
0.188965 0.015137 0.795410
0.026855 0.018555 0.954102
0.026855 0.018555 0.954102
0.026855 0.018555 0.954102
0.026855 0.018555 0.954102
0.026855 0.018555 0.954102
0.026855 0.018555 0.954102
0.026855 0.018555 0.954102
0.026855 0.018555 0.954102
0.026855 0.018555 0.954102
0.026855 0.018555 0.954102
0.065918 0.017578 0.915527
0.065918 0.017578 0.915527
0.065918 0.017578 0.915527
0.065918 0.017578 0.915527
0.065918 0.017578 0.915527
0.065918 0.017578 0.915527
0.065918 0.017578 0.915527
0.065918 0.017578 0.915527
0.065918 0.017578 0.915527
0.065918 0.017578 0.915527
0.069824 0.017578 0.911621
0.069824 0.017578 0.911621
0.069824 0.017578 0.911621
0.069824 0.017578 0.911621
0.069824 0.017578 0.911621
0.069824 0.017578 0.911621
0.069824 0.017578 0.911621
0.069824 0.017578 0.911621
0.069824 0.017578 0.911621
0.069824 0.017578 0.911621
0.845215 0.016113 0.137695
0.845215 0.016113 0.137695
0.845215 0.016113 0.137695
0.845215 0.016113 0.137695
0.845215 0.016113 0.137695
0.845215 0.016113 0.137695
0.845215 0.016113 0.137695
0.845215 0.016113 0.137695
0.845215 0.016113 0.137695
0.845215 0.016113 0.137695
0.915527 0.017578 0.065918
0.915527 0.017578 0.065918
0.915527 0.017578 0.065918
0.915527 0.017578 0.065918
0.915527 0.017578 0.065918
0.915527 0.017578 0.065918
0.915527 0.017578 0.065918
0.915527 0.017578 0.065918
0.915527 0.017578 0.065918
0.915527 0.017578 0.065918
0.026855 0.018555 0.954102
0.026855 0.018555 0.954102
0.026855 0.018555 0.954102
0.026855 0.018555 0.954102
0.026855 0.018555 0.954102
0.026855 0.018555 0.954102
0.026855 0.018555 0.954102
0.026855 0.018555 0.954102
0.026855 0.018555 0.954102
0.026855 0.018555 0.954102
0.043457 0.018066 0.937500
0.043457 0.018066 0.937500
0.043457 0.018066 0.937500
0.043457 0.018066 0.937500
0.043457 0.018066 0.937500
0.043457 0.018066 0.937500
0.043457 0.018066 0.937500
0.043457 0.018066 0.937500
0.043457 0.018066 0.937500
0.043457 0.018066 0.937500
0.093262 0.017090 0.888672
0.093262 0.017090 0.888672
0.093262 0.017090 0.888672
0.093262 0.017090 0.888672
0.093262 0.017090 0.888672
0.093262 0.017090 0.888672
0.093262 0.017090 0.888672
0.093262 0.017090 0.888672
0.093262 0.017090 0.888672
0.093262 0.017090 0.888672
0.069824 0.017578 0.911621
0.069824 0.017578 0.911621
0.069824 0.017578 0.911621
0.069824 0.017578 0.911621
0.069824 0.017578 0.911621
0.069824 0.017578 0.911621
0.069824 0.017578 0.911621
0.069824 0.017578 0.911621
0.069824 0.017578 0.911621
0.069824 0.017578 0.911621
0.293945 0.041992 0.663086
0.293945 0.041992 0.663086
0.293945 0.041992 0.663086
0.293945 0.041992 0.663086
0.293945 0.041992 0.663086
0.293945 0.041992 0.663086
0.293945 0.041992 0.663086
0.293945 0.041992 0.663086
0.293945 0.041992 0.663086
0.293945 0.041992 0.663086
0.090332 0.048340 0.860352
0.090332 0.048340 0.860352
0.090332 0.048340 0.860352
0.090332 0.048340 0.860352
0.090332 0.048340 0.860352
0.090332 0.048340 0.860352
0.090332 0.048340 0.860352
0.090332 0.048340 0.860352
0.090332 0.048340 0.860352
0.090332 0.048340 0.860352
0.130371 0.016602 0.852539
0.130371 0.016602 0.852539
0.130371 0.016602 0.852539
0.130371 0.016602 0.852539
0.130371 0.016602 0.852539
0.130371 0.016602 0.852539
0.130371 0.016602 0.852539
0.130371 0.016602 0.852539
0.130371 0.016602 0.852539
0.130371 0.016602 0.852539
0.018555 0.018555 0.962402
0.018555 0.018555 0.962402
0.018555 0.018555 0.962402
0.018555 0.018555 0.962402
0.018555 0.018555 0.962402
0.018555 0.018555 0.962402
0.018555 0.018555 0.962402
0.018555 0.018555 0.962402
0.018555 0.018555 0.962402
0.018555 0.018555 0.962402
0.023926 0.018555 0.957031
0.023926 0.018555 0.957031
0.023926 0.018555 0.957031
0.023926 0.018555 0.957031
0.023926 0.018555 0.957031
0.023926 0.018555 0.957031
0.023926 0.018555 0.957031
0.023926 0.018555 0.957031
0.023926 0.018555 0.957031
0.023926 0.018555 0.957031
0.043457 0.018066 0.937500
0.043457 0.018066 0.937500
0.043457 0.018066 0.937500
0.043457 0.018066 0.937500
0.043457 0.018066 0.937500
0.043457 0.018066 0.937500
0.043457 0.018066 0.937500
0.043457 0.018066 0.937500
0.043457 0.018066 0.937500
0.043457 0.018066 0.937500
0.018555 0.018555 0.962402
0.018555 0.018555 0.962402
0.018555 0.018555 0.962402
0.018555 0.018555 0.962402
0.018555 0.018555 0.962402
0.018555 0.018555 0.962402
0.018555 0.018555 0.962402
0.018555 0.018555 0.962402
0.018555 0.018555 0.962402
0.018555 0.018555 0.962402
0.041016 0.024414 0.933594
0.041016 0.024414 0.933594
0.041016 0.024414 0.933594
0.041016 0.024414 0.933594
0.041016 0.024414 0.933594
0.041016 0.024414 0.933594
0.041016 0.024414 0.933594
0.041016 0.024414 0.933594
0.041016 0.024414 0.933594
0.041016 0.024414 0.933594
0.198242 0.015137 0.785645
0.198242 0.015137 0.785645
0.198242 0.015137 0.785645
0.198242 0.015137 0.785645
0.198242 0.015137 0.785645
0.198242 0.015137 0.785645
0.198242 0.015137 0.785645
0.198242 0.015137 0.785645
0.198242 0.015137 0.785645
0.198242 0.015137 0.785645
0.728516 0.019043 0.251465
0.728516 0.019043 0.251465
0.728516 0.019043 0.251465
0.728516 0.019043 0.251465
0.728516 0.019043 0.251465
0.728516 0.019043 0.251465
0.728516 0.019043 0.251465
0.728516 0.019043 0.251465
0.728516 0.019043 0.251465
0.728516 0.019043 0.251465
0.510254 0.009766 0.479492
0.510254 0.009766 0.479492
0.510254 0.009766 0.479492
0.510254 0.009766 0.479492
0.510254 0.009766 0.479492
0.510254 0.009766 0.479492
0.510254 0.009766 0.479492
0.510254 0.009766 0.479492
0.510254 0.009766 0.479492
0.510254 0.009766 0.479492
0.110840 0.016602 0.872070
0.110840 0.016602 0.872070
0.110840 0.016602 0.872070
0.110840 0.016602 0.872070
0.110840 0.016602 0.872070
0.110840 0.016602 0.872070
0.110840 0.016602 0.872070
0.110840 0.016602 0.872070
0.110840 0.016602 0.872070
0.110840 0.016602 0.872070
0.763184 0.017578 0.218262
0.763184 0.017578 0.218262
0.763184 0.017578 0.218262
0.763184 0.017578 0.218262
0.763184 0.017578 0.218262
0.763184 0.017578 0.218262
0.763184 0.017578 0.218262
0.763184 0.017578 0.218262
0.763184 0.017578 0.218262
0.763184 0.017578 0.218262
0.356934 0.015625 0.626953
0.356934 0.015625 0.626953
0.356934 0.015625 0.626953
0.356934 0.015625 0.626953
0.356934 0.015625 0.626953
0.356934 0.015625 0.626953
0.356934 0.015625 0.626953
0.356934 0.015625 0.626953
0.356934 0.015625 0.626953
0.356934 0.015625 0.626953
0.062500 0.017578 0.919434
0.062500 0.017578 0.919434
0.062500 0.017578 0.919434
0.062500 0.017578 0.919434
0.062500 0.017578 0.919434
0.062500 0.017578 0.919434
0.062500 0.017578 0.919434
0.062500 0.017578 0.919434
0.062500 0.017578 0.919434
0.062500 0.017578 0.919434
0.170410 0.015625 0.813477
0.170410 0.015625 0.813477
0.170410 0.015625 0.813477
0.170410 0.015625 0.813477
0.170410 0.015625 0.813477
0.170410 0.015625 0.813477
0.170410 0.015625 0.813477
0.170410 0.015625 0.813477
0.170410 0.015625 0.813477
0.170410 0.015625 0.813477
0.046387 0.018066 0.935059
0.046387 0.018066 0.935059
0.046387 0.018066 0.935059
0.046387 0.018066 0.935059
0.046387 0.018066 0.935059
0.046387 0.018066 0.935059
0.046387 0.018066 0.935059
0.046387 0.018066 0.935059
0.046387 0.018066 0.935059
0.046387 0.018066 0.935059
0.123535 0.016602 0.859375
0.123535 0.016602 0.859375
0.123535 0.016602 0.859375
0.123535 0.016602 0.859375
0.123535 0.016602 0.859375
0.123535 0.016602 0.859375
0.123535 0.016602 0.859375
0.123535 0.016602 0.859375
0.123535 0.016602 0.859375
0.123535 0.016602 0.859375
0.062500 0.017578 0.919434
0.062500 0.017578 0.919434
0.062500 0.017578 0.919434
0.062500 0.017578 0.919434
0.062500 0.017578 0.919434
0.062500 0.017578 0.919434
0.062500 0.017578 0.919434
0.062500 0.017578 0.919434
0.062500 0.017578 0.919434
0.062500 0.017578 0.919434
0.028320 0.018555 0.952637
0.028320 0.018555 0.952637
0.028320 0.018555 0.952637
0.028320 0.018555 0.952637
0.028320 0.018555 0.952637
0.028320 0.018555 0.952637
0.028320 0.018555 0.952637
0.028320 0.018555 0.952637
0.028320 0.018555 0.952637
0.028320 0.018555 0.952637
0.018555 0.018555 0.962402
0.018555 0.018555 0.962402
0.018555 0.018555 0.962402
0.018555 0.018555 0.962402
0.018555 0.018555 0.962402
0.018555 0.018555 0.962402
0.018555 0.018555 0.962402
0.018555 0.018555 0.962402
0.018555 0.018555 0.962402
0.018555 0.018555 0.962402
0.818359 0.020020 0.161133
0.818359 0.020020 0.161133
0.818359 0.020020 0.161133
0.818359 0.020020 0.161133
0.818359 0.020020 0.161133
0.818359 0.020020 0.161133
0.818359 0.020020 0.161133
0.818359 0.020020 0.161133
0.818359 0.020020 0.161133
0.818359 0.020020 0.161133
0.358398 0.012207 0.628906
0.358398 0.012207 0.628906
0.358398 0.012207 0.628906
0.358398 0.012207 0.628906
0.358398 0.012207 0.628906
0.358398 0.012207 0.628906
0.358398 0.012207 0.628906
0.358398 0.012207 0.628906
0.358398 0.012207 0.628906
0.358398 0.012207 0.628906
0.290039 0.013184 0.695801
0.290039 0.013184 0.695801
0.290039 0.013184 0.695801
0.290039 0.013184 0.695801
0.290039 0.013184 0.695801
0.290039 0.013184 0.695801
0.290039 0.013184 0.695801
0.290039 0.013184 0.695801
0.290039 0.013184 0.695801
0.290039 0.013184 0.695801
0.062500 0.017578 0.919434
0.062500 0.017578 0.919434
0.062500 0.017578 0.919434
0.062500 0.017578 0.919434
0.062500 0.017578 0.919434
0.062500 0.017578 0.919434
0.062500 0.017578 0.919434
0.062500 0.017578 0.919434
0.062500 0.017578 0.919434
0.062500 0.017578 0.919434
0.018555 0.018555 0.962402
0.018555 0.018555 0.962402
0.018555 0.018555 0.962402
0.018555 0.018555 0.962402
0.018555 0.018555 0.962402
0.018555 0.018555 0.962402
0.018555 0.018555 0.962402
0.018555 0.018555 0.962402
0.018555 0.018555 0.962402
0.018555 0.018555 0.962402
0.041016 0.018066 0.939941
0.041016 0.018066 0.939941
0.041016 0.018066 0.939941
0.041016 0.018066 0.939941
0.041016 0.018066 0.939941
0.041016 0.018066 0.939941
0.041016 0.018066 0.939941
0.041016 0.018066 0.939941
0.041016 0.018066 0.939941
0.041016 0.018066 0.939941
0.093262 0.017090 0.888672
0.093262 0.017090 0.888672
0.093262 0.017090 0.888672
0.093262 0.017090 0.888672
0.093262 0.017090 0.888672
0.093262 0.017090 0.888672
0.093262 0.017090 0.888672
0.093262 0.017090 0.888672
0.093262 0.017090 0.888672
0.093262 0.017090 0.888672
0.018555 0.018555 0.962402
0.018555 0.018555 0.962402
0.018555 0.018555 0.962402
0.018555 0.018555 0.962402
0.018555 0.018555 0.962402
0.018555 0.018555 0.962402
0.018555 0.018555 0.962402
0.018555 0.018555 0.962402
0.018555 0.018555 0.962402
0.018555 0.018555 0.962402
0.402344 0.011230 0.585449
0.402344 0.011230 0.585449
0.402344 0.011230 0.585449
0.402344 0.011230 0.585449
0.402344 0.011230 0.585449
0.402344 0.011230 0.585449
0.402344 0.011230 0.585449
0.402344 0.011230 0.585449
0.402344 0.011230 0.585449
0.402344 0.011230 0.585449
