new_execution
0.019531 0.018555 0.960938
0.508789 0.012695 0.478027
0.032227 0.018066 0.948730
0.026855 0.018555 0.954102
0.018555 0.018555 0.962402
0.018555 0.018555 0.962402
0.018555 0.018555 0.962402
0.018555 0.018555 0.962402
0.018555 0.018555 0.962402
0.098633 0.021973 0.878906
0.018555 0.018555 0.962402
0.018555 0.018555 0.962402
0.030273 0.018066 0.950684
0.018555 0.018555 0.962402
0.018555 0.018555 0.962402
0.018555 0.018555 0.962402
0.018555 0.018555 0.962402
0.074219 0.017578 0.907715
0.018555 0.018555 0.962402
0.018555 0.018555 0.962402
0.020996 0.018555 0.959961
0.018555 0.018555 0.962402
0.052246 0.018066 0.929199
0.018555 0.018555 0.962402
0.018555 0.018555 0.962402
0.018555 0.018555 0.962402
0.018555 0.018555 0.962402
0.145508 0.016113 0.837891
0.018555 0.018555 0.962402
0.123535 0.016602 0.859375
0.123535 0.016602 0.859375
0.018555 0.018555 0.962402
0.058594 0.017578 0.922852
0.062500 0.017578 0.919434
0.099121 0.017090 0.883301
0.069824 0.017578 0.911621
0.179199 0.015625 0.804688
0.627930 0.035156 0.335938
0.018555 0.018555 0.962402
0.229980 0.014648 0.754883
0.188965 0.015137 0.795410
0.026855 0.018555 0.954102
0.065918 0.017578 0.915527
0.069824 0.017578 0.911621
0.845215 0.016113 0.137695
0.915527 0.017578 0.065918
0.026855 0.018555 0.954102
0.043457 0.018066 0.937500
0.093262 0.017090 0.888672
0.069824 0.017578 0.911621
0.293945 0.041992 0.663086
0.090332 0.048340 0.860352
0.130371 0.016602 0.852539
0.018555 0.018555 0.962402
0.023926 0.018555 0.957031
0.043457 0.018066 0.937500
0.018555 0.018555 0.962402
0.041016 0.024414 0.933594
0.198242 0.015137 0.785645
0.728516 0.019043 0.251465
0.510254 0.009766 0.479492
0.110840 0.016602 0.872070
0.763184 0.017578 0.218262
0.356934 0.015625 0.626953
0.062500 0.017578 0.919434
0.170410 0.015625 0.813477
0.046387 0.018066 0.935059
0.123535 0.016602 0.859375
0.062500 0.017578 0.919434
0.028320 0.018555 0.952637
0.018555 0.018555 0.962402
0.818359 0.020020 0.161133
0.358398 0.012207 0.628906
0.290039 0.013184 0.695801
0.062500 0.017578 0.919434
0.018555 0.018555 0.962402
0.041016 0.018066 0.939941
0.093262 0.017090 0.888672
0.018555 0.018555 0.962402
0.402344 0.011230 0.585449
0.018555 0.018555 0.962402
0.052246 0.018066 0.929199
0.020996 0.018555 0.959961
0.018555 0.018555 0.962402
0.034180 0.018066 0.946777
0.229492 0.017578 0.752441
0.145508 0.016113 0.837891
0.865234 0.024414 0.109863
0.018555 0.018555 0.962402
0.018555 0.018555 0.962402
0.032227 0.018066 0.948730
0.018555 0.018555 0.962402
0.018555 0.018555 0.962402
0.049316 0.018066 0.932129
0.018555 0.018555 0.962402
0.049316 0.018066 0.932129
0.018555 0.018555 0.962402
0.088379 0.017090 0.893555
0.025391 0.018555 0.955566
0.078613 0.017578 0.903320
0.018555 0.018555 0.962402
0.123535 0.016602 0.859375
0.026855 0.018555 0.954102
0.018555 0.018555 0.962402
0.018555 0.018555 0.962402
0.020996 0.018555 0.959961
0.018555 0.018555 0.962402
0.018555 0.018555 0.962402
0.241211 0.014160 0.743652
0.018555 0.018555 0.962402
0.316406 0.012695 0.669922
0.018555 0.018555 0.962402
0.093262 0.017090 0.888672
0.065918 0.017578 0.915527
0.018555 0.018555 0.962402
0.018555 0.018555 0.962402
0.018555 0.018555 0.962402
0.018555 0.018555 0.962402
0.018555 0.018555 0.962402
0.088379 0.017090 0.893555
0.038574 0.018066 0.942383
0.018555 0.018555 0.962402
0.018555 0.018555 0.962402
0.018555 0.018555 0.962402
0.018555 0.018555 0.962402
0.018555 0.018555 0.962402
0.018555 0.018555 0.962402
0.041016 0.018066 0.939941
0.104492 0.017090 0.877930
0.065918 0.017578 0.915527
0.018555 0.018555 0.962402
0.026855 0.018555 0.954102
0.018555 0.018555 0.962402
0.018555 0.018555 0.962402
0.018555 0.018555 0.962402
0.023926 0.018555 0.957031
0.030273 0.018066 0.950684
0.018555 0.018555 0.962402
0.019531 0.018555 0.960938
0.018555 0.018555 0.962402
0.018555 0.018555 0.962402
0.018555 0.018555 0.962402
0.018555 0.018555 0.962402
0.018555 0.018555 0.962402
0.018555 0.018555 0.962402
0.018555 0.018555 0.962402
0.018555 0.018555 0.962402
0.018555 0.018555 0.962402
0.018555 0.018555 0.962402
0.018555 0.018555 0.962402
0.018555 0.018555 0.962402
0.018555 0.018555 0.962402
0.018555 0.018555 0.962402
0.018555 0.018555 0.962402
0.018555 0.018555 0.962402
0.018555 0.018555 0.962402
0.018555 0.018555 0.962402
0.018555 0.018555 0.962402
0.018555 0.018555 0.962402
0.018555 0.018555 0.962402
0.018555 0.018555 0.962402
0.018555 0.018555 0.962402
0.018555 0.018555 0.962402
0.018555 0.018555 0.962402
0.046387 0.018066 0.935059
0.025391 0.018555 0.955566
0.018555 0.018555 0.962402
0.034180 0.018066 0.946777
0.018555 0.018555 0.962402
0.018555 0.018555 0.962402
0.032227 0.018066 0.948730
0.034180 0.018066 0.946777
0.018555 0.018555 0.962402
0.018555 0.018555 0.962402
0.018555 0.018555 0.962402
0.018555 0.018555 0.962402
0.018555 0.018555 0.962402
0.018555 0.018555 0.962402
0.018555 0.018555 0.962402
0.018555 0.018555 0.962402
0.018555 0.018555 0.962402
0.018555 0.018555 0.962402
0.018555 0.018555 0.962402
0.018555 0.018555 0.962402
0.018555 0.018555 0.962402
0.018555 0.018555 0.962402
0.018555 0.018555 0.962402
0.018555 0.018555 0.962402
0.018555 0.018555 0.962402
0.018555 0.018555 0.962402
0.018555 0.018555 0.962402
0.018555 0.018555 0.962402
0.018555 0.018555 0.962402
0.018555 0.018555 0.962402
0.018555 0.018555 0.962402
0.018555 0.018555 0.962402
0.018555 0.018555 0.962402
0.018555 0.018555 0.962402
0.018555 0.018555 0.962402
0.020996 0.018555 0.959961
0.959961 0.020996 0.018555
0.104492 0.017090 0.877930
0.252930 0.014160 0.732422
0.555664 0.432617 0.010742
0.958496 0.018555 0.022461
0.962402 0.018555 0.018555
0.903320 0.017578 0.078613
0.929199 0.018066 0.052246
0.744141 0.028809 0.226562
0.877930 0.017090 0.104492
0.962402 0.018555 0.018555
0.962402 0.018555 0.018555
0.952637 0.028320 0.018555
0.954102 0.018555 0.026855
0.952637 0.018555 0.028320
0.922852 0.017578 0.058594
0.959961 0.018555 0.020996
0.962402 0.018555 0.018555
0.888672 0.017090 0.093262
0.962402 0.018555 0.018555
0.942383 0.018066 0.038574
0.666016 0.018555 0.314453
0.962402 0.018555 0.018555
0.954102 0.026855 0.018555
0.865723 0.016602 0.117188
0.939941 0.018066 0.041016
0.955566 0.018555 0.025391
0.962402 0.018555 0.018555
0.958496 0.018555 0.022461
0.962402 0.018555 0.018555
0.775879 0.208496 0.014648
0.893555 0.088379 0.017090
0.026855 0.018555 0.954102
0.497070 0.035645 0.466797
0.265137 0.013672 0.720703
0.743164 0.015137 0.241211
0.962402 0.018555 0.018555
0.919434 0.017578 0.062500
0.962402 0.018555 0.018555
0.946777 0.034180 0.018066
0.939941 0.018066 0.041016
0.962402 0.018555 0.018555
0.962402 0.018555 0.018555
0.038574 0.018066 0.942383
0.648438 0.024902 0.325684
0.954102 0.018555 0.026855
0.907715 0.017578 0.074219
0.919434 0.017578 0.062500
0.929199 0.018066 0.052246
0.461914 0.013672 0.523438
0.883301 0.099121 0.017090
0.166016 0.793945 0.039062
0.472168 0.024902 0.502441
0.830078 0.016113 0.153320
0.962402 0.018555 0.018555
0.639160 0.018066 0.342285
0.888672 0.017090 0.093262
0.962402 0.018555 0.018555
0.962402 0.018555 0.018555
0.962402 0.018555 0.018555
0.034180 0.018066 0.946777
0.730957 0.016113 0.252441
0.523926 0.012695 0.462402
0.952637 0.028320 0.018555
0.919434 0.017578 0.062500
0.915527 0.065918 0.017578
0.932129 0.018066 0.049316
0.962402 0.018555 0.018555
0.935059 0.027832 0.036133
0.937500 0.018066 0.043457
0.720703 0.013672 0.265137
0.804688 0.015625 0.179199
0.911621 0.069824 0.017578
0.062500 0.017578 0.919434
0.229492 0.017578 0.752441
0.016602 0.110840 0.872070
0.962402 0.018555 0.018555
0.937500 0.018066 0.043457
0.962402 0.018555 0.018555
0.957031 0.018555 0.023926
0.955566 0.025391 0.018555
0.932129 0.018066 0.049316
0.944824 0.018066 0.036621
0.702148 0.039551 0.257812
0.017578 0.926270 0.055176
0.018066 0.939941 0.041016
0.017090 0.893555 0.088379
0.017090 0.893555 0.088379
0.017578 0.922852 0.058594
0.018066 0.935059 0.046387
0.018555 0.962402 0.018555
0.018555 0.962402 0.018555
0.017090 0.893555 0.088379
0.018555 0.962402 0.018555
0.018555 0.962402 0.018555
0.018555 0.962402 0.018555
0.030273 0.950684 0.018066
0.018555 0.962402 0.018555
0.018555 0.962402 0.018555
0.018555 0.962402 0.018555
0.018066 0.049316 0.932129
0.018555 0.018555 0.962402
0.962402 0.018555 0.018555
0.018555 0.018555 0.962402
0.018555 0.018555 0.962402
0.074219 0.017578 0.907715
0.686523 0.026367 0.286133
0.018555 0.018555 0.962402
0.018555 0.018555 0.962402
0.018555 0.018555 0.962402
0.018555 0.018555 0.962402
0.018555 0.018555 0.962402
0.018555 0.018555 0.962402
0.018555 0.018555 0.962402
0.018555 0.018555 0.962402
0.018555 0.018555 0.962402
0.017090 0.083496 0.898438
0.018555 0.018555 0.962402
0.018555 0.018555 0.962402
0.018555 0.022461 0.958496
0.018555 0.018555 0.962402
0.018555 0.018555 0.962402
0.018555 0.018555 0.962402
0.018555 0.018555 0.962402
0.018555 0.018555 0.962402
0.018555 0.018555 0.962402
0.018555 0.018555 0.962402
0.018555 0.018555 0.962402
0.018555 0.018555 0.962402
0.018555 0.018555 0.962402
0.018555 0.018555 0.962402
0.208008 0.017090 0.774414
0.018555 0.018555 0.962402
0.026855 0.018555 0.954102
0.152832 0.020508 0.826172
0.674316 0.025879 0.299316
0.041016 0.018066 0.939941
0.018555 0.018555 0.962402
0.055176 0.017578 0.926270
0.018555 0.018555 0.962402
0.695801 0.290039 0.013184
0.083496 0.017090 0.898438
0.018555 0.018555 0.962402
0.018555 0.020996 0.959961
0.018555 0.018555 0.962402
0.195312 0.031738 0.772461
0.018555 0.018555 0.962402
0.018555 0.018555 0.962402
0.018555 0.018555 0.962402
0.018555 0.018555 0.962402
0.018555 0.018555 0.962402
0.018555 0.018555 0.962402
0.018555 0.018555 0.962402
0.207520 0.020508 0.771484
0.043457 0.018066 0.937500
0.919434 0.062500 0.017578
0.018555 0.018555 0.962402
0.034180 0.018066 0.946777
0.216797 0.025879 0.756836
0.018555 0.018555 0.962402
0.018555 0.018555 0.962402
0.018555 0.018555 0.962402
0.942383 0.018066 0.038574
0.018555 0.018555 0.962402
0.962402 0.018555 0.018555
0.962402 0.018555 0.018555
0.018555 0.018555 0.962402
0.018555 0.018555 0.962402
0.179199 0.015625 0.804688
0.018555 0.018555 0.962402
0.018555 0.018555 0.962402
0.018555 0.018555 0.962402
0.665039 0.020020 0.313965
0.852539 0.016602 0.130371
0.188477 0.017090 0.793457
0.018555 0.018555 0.962402
0.018555 0.018555 0.962402
0.018555 0.018555 0.962402
0.018555 0.018555 0.962402
0.018555 0.018555 0.962402
0.018555 0.018555 0.962402
0.018555 0.018555 0.962402
0.009277 0.495117 0.495117
0.016602 0.130371 0.852539
0.018555 0.018555 0.962402
0.018555 0.018555 0.962402
0.097168 0.035645 0.866699
0.018555 0.018555 0.962402
0.439941 0.194824 0.364258
0.018555 0.018555 0.962402
0.018555 0.018555 0.962402
0.018555 0.018555 0.962402
0.942383 0.018066 0.038574
0.499023 0.031738 0.468750
0.718262 0.016602 0.264160
0.018555 0.018555 0.962402
0.153320 0.016113 0.830078
0.074219 0.017578 0.907715
0.090332 0.048340 0.860352
0.018555 0.028320 0.952637
0.680176 0.283203 0.035645
0.056152 0.732910 0.209961
0.915527 0.054688 0.029297
0.717773 0.017578 0.263672
0.017090 0.893555 0.088379
0.018555 0.018555 0.962402
0.018555 0.018555 0.962402
0.944824 0.018066 0.036621
0.018555 0.018555 0.962402
0.018555 0.018555 0.962402
0.962402 0.018555 0.018555
0.018555 0.018555 0.962402
0.962402 0.018555 0.018555
0.018555 0.018555 0.962402
0.072266 0.828613 0.098633
0.926270 0.017578 0.055176
0.018555 0.018555 0.962402
0.018555 0.018555 0.962402
0.018555 0.018555 0.962402
0.018555 0.018555 0.962402
0.242676 0.514160 0.242676
0.018555 0.018555 0.962402
0.520020 0.020020 0.458984
0.018555 0.018555 0.962402
0.907715 0.017578 0.074219
0.052246 0.018066 0.929199
0.018555 0.962402 0.018555
0.018555 0.025391 0.955566
0.018555 0.018555 0.962402
0.907715 0.017578 0.074219
0.643066 0.012207 0.344238
0.533691 0.098633 0.366699
0.022461 0.228027 0.748535
0.018555 0.018555 0.962402
0.042969 0.926758 0.029785
0.016113 0.145508 0.837891
0.018555 0.018555 0.962402
0.018555 0.022461 0.958496
0.018555 0.018555 0.962402
0.018555 0.018555 0.962402
0.018555 0.018555 0.962402
0.062500 0.017578 0.919434
0.018555 0.018555 0.962402
0.018555 0.018555 0.962402
0.016602 0.859375 0.123535
0.371582 0.612793 0.015137
0.962402 0.018555 0.018555
0.043457 0.018066 0.937500
0.018555 0.018555 0.962402
0.018555 0.018555 0.962402
0.022461 0.488281 0.488281
0.014160 0.743652 0.241211
0.018555 0.962402 0.018555
0.018555 0.018555 0.962402
0.018555 0.018555 0.962402
0.012695 0.656738 0.330078
0.015625 0.302246 0.681152
0.946777 0.018066 0.034180
0.962402 0.018555 0.018555
0.021484 0.110352 0.867676
0.942383 0.038574 0.018066
0.962402 0.018555 0.018555
0.049805 0.211426 0.737793
0.017578 0.666992 0.314941
0.018555 0.018555 0.962402
0.016602 0.110840 0.872070
0.763672 0.042969 0.192871
0.241211 0.743652 0.014160
0.265137 0.720703 0.013672
0.018066 0.032227 0.948730
0.018555 0.018555 0.962402
0.018555 0.018555 0.962402
0.962402 0.018555 0.018555
0.011230 0.600098 0.387695
0.018555 0.018555 0.962402
0.018555 0.018555 0.962402
0.018555 0.018555 0.962402
0.324219 0.645020 0.029785
0.018066 0.049316 0.932129
0.018555 0.018555 0.962402
0.018555 0.018555 0.962402
0.017578 0.069824 0.911621
0.394043 0.032227 0.573242
0.018555 0.018555 0.962402
0.110840 0.016602 0.872070
0.018555 0.018555 0.962402
0.018555 0.018555 0.962402
0.022461 0.914551 0.062012
0.935059 0.018066 0.046387
0.937500 0.043457 0.018066
0.015137 0.371582 0.612793
0.032227 0.018066 0.948730
0.188965 0.015137 0.795410
0.428711 0.355469 0.215332
0.962402 0.018555 0.018555
0.018555 0.018555 0.962402
0.962402 0.018555 0.018555
0.107910 0.849609 0.041992
0.962402 0.018555 0.018555
0.712891 0.023926 0.262207
0.018555 0.018555 0.962402
0.018555 0.018555 0.962402
0.018555 0.018555 0.962402
0.018555 0.962402 0.018555
0.018066 0.036621 0.944824
0.340820 0.636719 0.021484
0.069824 0.909668 0.020020
0.018066 0.041016 0.939941
0.018555 0.018555 0.962402
0.013672 0.720703 0.265137
0.012695 0.669922 0.316406
0.012695 0.669922 0.316406
0.018555 0.962402 0.018555
0.018555 0.952637 0.028320
0.018555 0.962402 0.018555
0.309570 0.145996 0.543457
0.027832 0.440430 0.531250
0.018555 0.962402 0.018555
0.057129 0.543945 0.397949
0.062500 0.017578 0.919434
0.957031 0.018555 0.023926
0.479492 0.510254 0.009766
0.017090 0.898438 0.083496
0.435059 0.070801 0.493164
0.010254 0.540527 0.448242
0.495117 0.495117 0.009277
0.184570 0.778320 0.036133
0.098633 0.882324 0.018066
0.018555 0.962402 0.018555
0.495117 0.495117 0.009277
0.495117 0.495117 0.009277
0.018555 0.962402 0.018555
0.018555 0.018555 0.962402
0.754883 0.014648 0.229980
0.018555 0.018555 0.962402
0.018555 0.018555 0.962402
0.018555 0.018555 0.962402
0.018555 0.018555 0.962402
0.018555 0.018555 0.962402
0.018555 0.018555 0.962402
0.018555 0.018555 0.962402
0.018555 0.018555 0.962402
0.018555 0.018555 0.962402
0.018555 0.018555 0.962402
0.018555 0.018555 0.962402
0.919434 0.017578 0.062500
0.018555 0.018555 0.962402
0.018555 0.018555 0.962402
0.018555 0.018555 0.962402
0.018555 0.018555 0.962402
0.018555 0.018555 0.962402
0.018555 0.018555 0.962402
0.018555 0.018555 0.962402
0.018555 0.018555 0.962402
0.016602 0.110840 0.872070
0.028320 0.018555 0.952637
0.018555 0.018555 0.962402
0.337891 0.029297 0.631836
0.018555 0.018555 0.962402
0.511230 0.036621 0.451172
0.018555 0.018555 0.962402
0.099121 0.017090 0.883301
0.018555 0.022461 0.958496
0.018555 0.018555 0.962402
0.018555 0.018555 0.962402
0.018555 0.018555 0.962402
0.018555 0.018555 0.962402
0.018555 0.018555 0.962402
0.017578 0.074219 0.907715
0.169922 0.016602 0.812500
0.743652 0.014160 0.241211
0.018555 0.018555 0.962402
0.018555 0.018555 0.962402
0.018555 0.018555 0.962402
0.018555 0.018555 0.962402
0.018555 0.018555 0.962402
0.898438 0.083496 0.017090
0.018555 0.018555 0.962402
0.962402 0.018555 0.018555
0.018555 0.018555 0.962402
0.018555 0.018555 0.962402
0.018555 0.018555 0.962402
0.018555 0.018555 0.962402
0.018555 0.018555 0.962402
0.018555 0.018555 0.962402
0.018555 0.018555 0.962402
0.145020 0.017090 0.836914
0.018555 0.018555 0.962402
0.018555 0.018555 0.962402
0.078613 0.019531 0.900879
0.018555 0.018555 0.962402
0.018555 0.018555 0.962402
0.919434 0.062500 0.017578
0.227539 0.025391 0.746582
0.018555 0.018555 0.962402
0.240723 0.016113 0.742188
0.062500 0.017578 0.919434
0.018555 0.018555 0.962402
0.018555 0.018555 0.962402
0.069824 0.017578 0.911621
0.018555 0.018555 0.962402
0.018555 0.018555 0.962402
0.018555 0.019531 0.960938
0.018555 0.018555 0.962402
0.018555 0.018555 0.962402
0.018555 0.018555 0.962402
0.018555 0.018555 0.962402
0.018555 0.018555 0.962402
0.017090 0.099121 0.883301
0.018555 0.018555 0.962402
0.018555 0.018555 0.962402
0.018555 0.018555 0.962402
0.018555 0.018555 0.962402
0.018555 0.018555 0.962402
0.018555 0.018555 0.962402
0.018555 0.018555 0.962402
0.018555 0.018555 0.962402
0.018555 0.018555 0.962402
0.018555 0.018555 0.962402
0.018555 0.018555 0.962402
0.018555 0.018555 0.962402
0.018555 0.018555 0.962402
0.018555 0.018555 0.962402
0.018555 0.018555 0.962402
0.018555 0.018555 0.962402
0.018555 0.018555 0.962402
0.018555 0.018555 0.962402
0.018555 0.018555 0.962402
0.018555 0.018555 0.962402
0.018555 0.018555 0.962402
0.018555 0.018555 0.962402
0.144043 0.024902 0.830566
0.018555 0.018555 0.962402
0.018555 0.018555 0.962402
0.025391 0.018555 0.955566
0.018555 0.018555 0.962402
0.018555 0.018555 0.962402
0.018555 0.018555 0.962402
0.018555 0.018555 0.962402
0.018555 0.018555 0.962402
0.018555 0.018555 0.962402
0.962402 0.018555 0.018555
0.018555 0.018555 0.962402
0.018555 0.018555 0.962402
0.018555 0.018555 0.962402
0.018555 0.018555 0.962402
0.018555 0.018555 0.962402
0.018555 0.018555 0.962402
0.017578 0.065918 0.915527
0.018555 0.018555 0.962402
0.018555 0.018555 0.962402
0.018555 0.018555 0.962402
0.018555 0.018555 0.962402
0.018555 0.018555 0.962402
0.018555 0.018555 0.962402
0.018555 0.018555 0.962402
0.018555 0.018555 0.962402
0.074219 0.017578 0.907715
0.937500 0.018066 0.043457
0.946777 0.018066 0.034180
0.018555 0.018555 0.962402
0.248047 0.033203 0.717773
0.018555 0.018555 0.962402
0.018555 0.018555 0.962402
0.018555 0.018555 0.962402
0.161621 0.015625 0.821777
0.300293 0.021484 0.677246
0.018555 0.018555 0.962402
0.362793 0.038086 0.598633
0.018555 0.018555 0.962402
0.016602 0.123535 0.859375
0.018555 0.018555 0.962402
0.018555 0.018555 0.962402
0.013672 0.265137 0.720703
0.018555 0.018555 0.962402
0.018555 0.018555 0.962402
0.018555 0.018555 0.962402
0.018555 0.018555 0.962402
0.018555 0.018555 0.962402
0.018555 0.018555 0.962402
0.018555 0.018555 0.962402
0.018555 0.018555 0.962402
0.018555 0.022461 0.958496
0.018555 0.018555 0.962402
0.018555 0.018555 0.962402
0.018555 0.018555 0.962402
0.018555 0.018555 0.962402
0.018555 0.018555 0.962402
0.018555 0.018555 0.962402
0.018555 0.018555 0.962402
0.018555 0.018555 0.962402
0.018555 0.018555 0.962402
0.018555 0.018555 0.962402
0.018555 0.018555 0.962402
0.018555 0.018555 0.962402
0.018555 0.018555 0.962402
0.408691 0.031250 0.559082
0.009766 0.525391 0.463867
0.018555 0.018555 0.962402
0.018555 0.018555 0.962402
0.083496 0.017090 0.898438
0.330078 0.012695 0.656738
0.669922 0.012695 0.316406
0.018555 0.018555 0.962402
0.669922 0.012695 0.316406
0.068359 0.043945 0.887207
0.962402 0.018555 0.018555
0.859375 0.016602 0.123535
0.758301 0.023926 0.216797
0.837891 0.016113 0.145508
0.813477 0.015625 0.170410
0.962402 0.018555 0.018555
0.942383 0.018066 0.038574
0.962402 0.018555 0.018555
0.922852 0.017578 0.058594
0.401367 0.013672 0.584473
0.962402 0.018555 0.018555
0.962402 0.018555 0.018555
0.962402 0.018555 0.018555
0.843262 0.026855 0.128906
0.588379 0.030762 0.379883
0.123535 0.016602 0.859375
0.954102 0.018555 0.026855
0.960938 0.018555 0.019531
0.446289 0.046875 0.505859
0.208008 0.017090 0.774414
0.250000 0.025879 0.723145
0.946777 0.018066 0.034180
0.944824 0.018066 0.036621
0.960938 0.019531 0.018555
0.412598 0.022949 0.563965
0.932129 0.049316 0.018066
0.018555 0.018555 0.962402
0.962402 0.018555 0.018555
0.962402 0.018555 0.018555
0.845215 0.016113 0.137695
0.585449 0.011230 0.402344
0.381836 0.025879 0.591797
0.954102 0.018555 0.026855
0.116211 0.023926 0.858887
0.276367 0.017578 0.705566
0.474121 0.504883 0.020508
0.693848 0.016113 0.289062
0.935059 0.018066 0.046387
0.962402 0.018555 0.018555
0.962402 0.018555 0.018555
0.614258 0.012695 0.372559
0.859375 0.016602 0.123535
0.656738 0.012695 0.330078
0.865723 0.016602 0.117188
0.117676 0.282715 0.598633
0.135254 0.036133 0.828125
0.946777 0.034180 0.018066
0.610840 0.018066 0.370117
0.960938 0.018555 0.019531
0.060059 0.056152 0.883301
0.018555 0.954102 0.026855
0.018066 0.932129 0.049316
0.035156 0.913086 0.051270
0.017578 0.903320 0.078613
0.344238 0.012207 0.643066
0.743652 0.014160 0.241211
0.883301 0.017090 0.099121
0.888672 0.017090 0.093262
0.612305 0.016113 0.371094
0.754883 0.014648 0.229980
0.712891 0.023926 0.262207
0.219238 0.014648 0.765625
0.932129 0.018066 0.049316
0.505859 0.099609 0.394043
0.852539 0.016602 0.130371
0.197266 0.020508 0.781250
0.872070 0.016602 0.110840
0.932129 0.018066 0.049316
0.852539 0.016602 0.130371
0.761230 0.020020 0.217773
0.948730 0.018066 0.032227
0.087402 0.830078 0.082031
0.020996 0.959961 0.018555
0.018555 0.954102 0.026855
0.018555 0.962402 0.018555
0.018555 0.962402 0.018555
0.018555 0.962402 0.018555
0.018555 0.962402 0.018555
0.018555 0.962402 0.018555
0.018555 0.962402 0.018555
0.018555 0.962402 0.018555
0.018555 0.962402 0.018555
0.018066 0.946777 0.034180
0.018555 0.962402 0.018555
0.018555 0.962402 0.018555
0.018555 0.962402 0.018555
0.018555 0.962402 0.018555
0.018555 0.962402 0.018555
0.018555 0.962402 0.018555
0.019531 0.960938 0.018555
0.017578 0.922852 0.058594
0.018555 0.962402 0.018555
0.018066 0.935059 0.046387
0.018555 0.962402 0.018555
